results[0].boxes for a single frame returns this:
results[0].plot() returns an annotated frame,
which can be visualized using opencv:
cv2.imshow("YOLOv8 Tracking", annotated_frame)



cls: tensor([2., 2., 2., 2., 2., 2., 2., 2., 2.])

conf: tensor([0.9372, 0.9255, 0.9097, 0.8834, 0.7665, 0.3830, 0.3916, 0.6853, 0.6150])

orig_img:

feature(data["x"], data["y"])

data:       x           y             x          y          id          conf        cls
tensor([[6.0955e+01, 2.4356e+02, 2.8908e+02, 3.8819e+02, 1.0000e+00, 9.3720e-01, 2.0000e+00],
        [5.9549e+02, 2.7439e+02, 7.9200e+02, 3.8723e+02, 2.0000e+00, 9.2551e-01, 2.0000e+00],
        [3.9502e+02, 2.7210e+02, 5.1351e+02, 3.6465e+02, 3.0000e+00, 9.0970e-01, 2.0000e+00],
        [5.3246e+02, 2.8320e+02, 6.0155e+02, 3.2658e+02, 4.0000e+00, 8.8339e-01, 2.0000e+00],
        [5.0029e+02, 2.7956e+02, 5.3835e+02, 3.1199e+02, 5.0000e+00, 7.6649e-01, 2.0000e+00],
        [3.2408e+00, 2.4871e+02, 8.1487e+01, 3.2175e+02, 6.0000e+00, 3.8302e-01, 2.0000e+00],
        [6.0830e+00, 3.6438e+02, 8.5053e+02, 4.7433e+02, 7.0000e+00, 3.9163e-01, 2.0000e+00],
        [3.8443e+02, 2.8235e+02, 4.0852e+02, 3.0372e+02, 8.0000e+00, 6.8529e-01, 2.0000e+00],
        [3.1293e+02, 2.7795e+02, 3.4393e+02, 3.0657e+02, 9.0000e+00, 6.1501e-01, 2.0000e+00]])

id: tensor([1., 2., 3., 4., 5., 6., 7., 8., 9.])
is_track: True
orig_shape: (480, 854)
shape: torch.Size([9, 7])
xywh: tensor([[175.0186, 315.8718, 228.1265, 144.6289],
        [693.7476, 330.8090, 196.5100, 112.8445],
        [454.2650, 318.3731, 118.4964,  92.5479],
        [567.0060, 304.8904,  69.0966,  43.3829],
        [519.3209, 295.7730,  38.0589,  32.4241],
        [ 42.3640, 285.2282,  78.2462,  73.0379],
        [428.3051, 419.3586, 844.4440, 109.9508],
        [396.4721, 293.0351,  24.0860,  21.3681],
        [328.4294, 292.2623,  31.0002,  28.6208]])
xywhn: tensor([[0.2049, 0.6581, 0.2671, 0.3013],
        [0.8124, 0.6892, 0.2301, 0.2351],
        [0.5319, 0.6633, 0.1388, 0.1928],
        [0.6639, 0.6352, 0.0809, 0.0904],
        [0.6081, 0.6162, 0.0446, 0.0676],
        [0.0496, 0.5942, 0.0916, 0.1522],
        [0.5015, 0.8737, 0.9888, 0.2291],
        [0.4643, 0.6105, 0.0282, 0.0445],
        [0.3846, 0.6089, 0.0363, 0.0596]])
xyxy: tensor([[ 60.9553, 243.5574, 289.0818, 388.1863],
        [595.4926, 274.3867, 792.0026, 387.2313],
        [395.0168, 272.0992, 513.5132, 364.6470],
        [532.4578, 283.1989, 601.5543, 326.5818],
        [500.2915, 279.5610, 538.3504, 311.9851],
        [  3.2408, 248.7092,  81.4871, 321.7471],
        [  6.0830, 364.3832, 850.5270, 474.3340],
        [384.4291, 282.3511, 408.5151, 303.7192],
        [312.9293, 277.9519, 343.9296, 306.5727]])
xyxyn: tensor([[0.0714, 0.5074, 0.3385, 0.8087],
        [0.6973, 0.5716, 0.9274, 0.8067],
        [0.4625, 0.5669, 0.6013, 0.7597],
        [0.6235, 0.5900, 0.7044, 0.6804],
        [0.5858, 0.5824, 0.6304, 0.6500],
        [0.0038, 0.5181, 0.0954, 0.6703],
        [0.0071, 0.7591, 0.9959, 0.9882],
        [0.4502, 0.5882, 0.4784, 0.6327],
        [0.3664, 0.5791, 0.4027, 0.6387]])
